Type	HRR1235773	HRR1235415	HRR1235501	HRR1235571	HRR1235605	HRR1235344	HRR1235464	HRR1235646	HRR1235603	HRR1235527
A[C>A]A	0.00549698247655057	0.00567055822623369	0.00542036526885012	0.00548186031644558	0.00594072333202768	0.00602032838154808	0.00575117888149487	0.00589729119638826	0.00461932139177827	0.00482339421797508
A[C>A]C	0.00389733149131099	0.00417933876189542	0.00411947760432609	0.00385168611155506	0.00409104756930844	0.00451524628616106	0.0043629632894099	0.00468397291196388	0.00405436841580539	0.00365912664811903
A[C>A]G	0.00302479459027121	0.00308054547238301	0.00336700336700337	0.00335624101006872	0.00298124211167689	0.00342064112587959	0.00334934555550659	0.00301918735891648	0.00300754378385564	0.00338696020321761
A[C>A]T	0.00331564022395114	0.00359069949965663	0.00286960514233241	0.00289276010867828	0.00295948122035079	0.0035965598123534	0.00337138072363492	0.00299097065462754	0.00332325279984048	0.00278214588121447
C[C>A]A	0.00418817712499091	0.00439517315804964	0.00438730741761045	0.00474668371424005	0.00489620054837446	0.00439796716184519	0.0043629632894099	0.00454288939051919	0.00495164667176232	0.0045965888472239
C[C>A]C	0.00350468988584309	0.00372804866084568	0.00355831037649219	0.00380373981141122	0.00372111241676459	0.00369429241594996	0.00370190824555991	0.00378103837471783	0.00400451962380778	0.00350792306761824
C[C>A]G	0.00324292881553116	0.00329637986853723	0.00364758698092031	0.00372382931117149	0.00306828567698133	0.00320562939796716	0.00339341589176325	0.00355530474040632	0.00387158951181416	0.00347768235151808
C[C>A]T	0.00315567512542718	0.0033944864122437	0.00374961738598102	0.00316445580949337	0.00345998172085129	0.00357701329163409	0.00390022475871491	0.00352708803611738	0.00382174071981656	0.00349280270956816
G[C>A]A	0.00447902275867084	0.0042382026881193	0.00460412202836445	0.00444302381332907	0.0045045045045045	0.0050625488663018	0.00482570182010489	0.00431715575620768	0.00495164667176232	0.00405225595742107
G[C>A]C	0.00337380935068712	0.00323751594231335	0.00297163554739312	0.00294070640882212	0.00337293815554685	0.00398749022673964	0.00401040059935657	0.00344243792325056	0.00355588049582932	0.00305431232611588
G[C>A]G	0.00391187377299498	0.00445403708427352	0.00409397000306091	0.0041073997123222	0.00391696043869957	0.00344018764659891	0.00372394341368825	0.00378103837471783	0.00378850819181815	0.00414297810572154
G[C>A]T	0.00274849123827529	0.00278622584126361	0.00271655953474135	0.00257311810771935	0.00298124211167689	0.00293197810789679	0.00372394341368825	0.00293453724604966	0.0027416835598684	0.00258558122656345
T[C>A]A	0.00378099323783902	0.00341410772098499	0.00372410978471585	0.00380373981141122	0.00419985202593898	0.00381157154026583	0.00352562690053325	0.00383747178329571	0.00375527566381975	0.00275190516511431
T[C>A]C	0.00241401875954337	0.00266849798881585	0.00246148352208958	0.00274892120824676	0.00317709013361187	0.00289288506645817	0.00271032567978494	0.00242663656884876	0.00302416004785484	0.00254022015241321
T[C>A]G	0.00161419326692358	0.00186402433042284	0.00204060810121416	0.0019657983058974	0.00191495843669757	0.00215011727912432	0.00158653210523996	0.00225733634311512	0.00194410288790668	0.00195052618846014
T[C>A]T	0.00433359994183087	0.00412047483567154	0.00451484542393633	0.00429918491289755	0.00415633024328676	0.0047302580140735	0.00467145564320656	0.00507900677200903	0.00453624007178226	0.00306943268416596
A[C>G]A	0.00725659856031411	0.00786814480525851	0.00693806754412815	0.0071120345213361	0.00644122383252818	0.00758405003909304	0.00830725838438147	0.00792889390519187	0.00661327307168256	0.00653199467763397
A[C>G]C	0.00334472478731913	0.00388501913077602	0.00348178757269666	0.00297267060891801	0.00352526439482961	0.00344018764659891	0.00293067736106827	0.00344243792325056	0.00319032268784686	0.0032508769807669
A[C>G]G	0.00433359994183087	0.00376729127832826	0.00438730741761045	0.00373981141121943	0.00463506985246116	0.00379202501954652	0.00390022475871491	0.00431715575620768	0.00405436841580539	0.00409761703157131
A[C>G]T	0.00580237039191449	0.00612184832728343	0.00526731966125905	0.00560971711682915	0.00533141837489664	0.00645035183737295	0.00575117888149487	0.00696952595936795	0.00535043700774318	0.00495947744042579
C[C>G]A	0.00492983349087472	0.00470911409791033	0.00403020099989797	0.00415534601246604	0.00419985202593898	0.00451524628616106	0.00497994799700322	0.00485327313769752	0.0041374497358014	0.00441514455062296
C[C>G]C	0.00562786301170654	0.00623957617973119	0.00568819508213448	0.00556177081668531	0.00604952778865822	0.00611806098514464	0.00645630426160152	0.00603837471783296	0.00541690206373999	0.00529212531752752
C[C>G]G	0.00401366974478296	0.00374766996958697	0.0043235384144475	0.00385168611155506	0.00409104756930844	0.00416340891321345	0.00407650610374157	0.00409142212189616	0.00385497324781496	0.00430930204427241
C[C>G]T	0.00600596233549044	0.00635730403217895	0.00596877869605142	0.0056256992168771	0.00637594115854985	0.00654808444096951	0.00667665594288484	0.00601015801354402	0.00599847130371207	0.00560965283657917
G[C>G]A	0.00372282411110303	0.00437555184930835	0.00387715539230691	0.0036599009109797	0.00378639509074292	0.00377247849882721	0.00383411925432991	0.00406320541760722	0.00380512445581735	0.00356840449981856
G[C>G]C	0.00357740129426307	0.00400274698322378	0.00316294255688195	0.00314847370944542	0.00378639509074292	0.00347928068803753	0.00361376757304658	0.00434537246049661	0.00400451962380778	0.00294846981976533
G[C>G]G	0.00381007780120701	0.0039438830569999	0.00409397000306091	0.00318043790954131	0.00459154806980894	0.00338154808444097	0.00434092812128157	0.00372460496613995	0.00362234555182613	0.00443026490867304
G[C>G]T	0.00405729658983494	0.00396350436574119	0.00362207937965514	0.00351606201054819	0.00396048222135179	0.00410476935105551	0.0042968577850249	0.00468397291196388	0.00398790335980858	0.00362888593201887
T[C>G]A	0.00484257980077074	0.00496419111154714	0.0045531068258341	0.0045229343135688	0.00502676589633111	0.00529710711493354	0.00513419417390155	0.00530474040632054	0.00453624007178226	0.00444538526672312
T[C>G]C	0.0034756053224751	0.00341410772098499	0.00387715539230691	0.00372382931117149	0.00404752578665622	0.00404612978889758	0.00396633026309991	0.00403498871331828	0.00432022863979263	0.00305431232611588
T[C>G]G	0.0034756053224751	0.00317865201608947	0.0033287419651056	0.00334025891002078	0.00295948122035079	0.00336200156372166	0.00348155656427659	0.00344243792325056	0.00312385763185005	0.00346256199346801
T[C>G]T	0.00711117574347415	0.00755420386539782	0.00752474237322722	0.00704810612114432	0.00728989859424642	0.00729085222830336	0.00758009783614649	0.00798532731376975	0.0075271675916387	0.0063656707390831
A[C>T]A	0.0245182869192176	0.0244481506916511	0.0253928170594837	0.0254594853763785	0.0218044131087609	0.0248240813135262	0.0243488607818078	0.0232787810383747	0.0247748496228108	0.0221815652594653
A[C>T]C	0.0137279139096924	0.0131070342391838	0.0143480257116621	0.0139523733418571	0.0128389258824041	0.0138975762314308	0.0136618042395663	0.0123871331828442	0.013459173839354	0.0135629611709205
A[C>T]G	0.0368210572238784	0.0340037280486608	0.0373431282522192	0.0341217836023653	0.0304870087478783	0.0338741204065676	0.0341545105989159	0.0338318284424379	0.0352264796783091	0.0349885085278819
A[C>T]T	0.0207082091180106	0.0198371431374473	0.0199469441893684	0.0198977145596931	0.0184749967358663	0.018608287724785	0.0195451941298312	0.0179740406320542	0.0189425409590908	0.0182351518083948
C[C>T]A	0.01542936086672	0.0146571176297459	0.0159677583920008	0.0161259389483778	0.0165382774078426	0.0149530883502737	0.0149398439910097	0.0151523702031603	0.0159349971752351	0.0157402927301319
C[C>T]C	0.0157202065003999	0.0138526439713529	0.0155978981736558	0.0151030845453093	0.0160595377986682	0.0146207974980453	0.0144771054603147	0.0146162528216704	0.0149047888072846	0.0166928752872868
C[C>T]G	0.030611502944812	0.0296674188168351	0.0338485868788899	0.0291992967875979	0.0283109196152674	0.0313135261923378	0.0298796879820193	0.029176072234763	0.0299092751985644	0.0329472601911213
C[C>T]T	0.0176107031193194	0.0166781124300991	0.0185950413223141	0.0171647754514943	0.0173651912782348	0.0168686473807662	0.0169450442906879	0.0165067720090293	0.0164667176232096	0.0172372081770896
G[C>T]A	0.0124336508398168	0.0114588443049151	0.0110320375471891	0.0114591657343775	0.0109022065543805	0.0114347146207975	0.012119342470583	0.011568848758465	0.0113821408394537	0.011158824240958
G[C>T]C	0.0118519595724569	0.0116943000098107	0.0117845117845118	0.011315326833946	0.0105322714018366	0.0120015637216575	0.0108853730553964	0.0115124153498871	0.0114984546874481	0.0114612314019596
G[C>T]G	0.0227150439904021	0.0219562444815069	0.0245638200183655	0.0216717276650152	0.0196283239761501	0.0198983580922596	0.0218588867833062	0.022206546275395	0.020604167359011	0.0223932502721664
G[C>T]T	0.0118083327274049	0.0121063474933778	0.0123584328129783	0.011890682435672	0.0102711407059233	0.0123143080531665	0.0110836895685514	0.011568848758465	0.0118640124954305	0.0117787589210113
T[C>T]A	0.0128699192903367	0.0127342293730992	0.0137358432812978	0.0137126418411379	0.0125342734038386	0.0135066458170446	0.0141906482746463	0.012951467268623	0.0130603835033731	0.0120055642917624
T[C>T]C	0.0131462226423326	0.0128715785342882	0.0133149678604224	0.0123701454371104	0.0134482308395352	0.0141321344800625	0.0122735886474814	0.0119074492099323	0.0131434648233691	0.0117031571307609
T[C>T]G	0.0174798225841635	0.0164818993426862	0.017510968268544	0.0161259389483778	0.01481916699308	0.0177677873338546	0.0157771803798863	0.0160553047404063	0.0163504037752152	0.0166021531389863
T[C>T]T	0.0133352723042245	0.014598253703522	0.0138123660850934	0.0136327313408982	0.0126213169691431	0.0145817044566067	0.012978714027588	0.0133182844243792	0.0132763949353627	0.0128674247006169
A[T>A]A	0.00375190867447102	0.00370842735210439	0.00390266299357208	0.00409141761227425	0.00332941637289463	0.00428068803752932	0.00359173240491825	0.00420428893905192	0.00417068226379981	0.00385569130277005
A[T>A]C	0.00359194357594707	0.00321789463357206	0.00334149576573819	0.00332427680997283	0.00313356835095966	0.00387021110242377	0.00341545105989159	0.00318848758465011	0.0034395666478349	0.00320551590661667
A[T>A]G	0.00469715698393078	0.00400274698322378	0.00461687582899704	0.00492248681476746	0.00489620054837446	0.0044175136825645	0.00427482261689657	0.00389390519187359	0.00435346116779103	0.00402201524132091
A[T>A]T	0.00397004289973097	0.00472873540665162	0.00460412202836445	0.00453891641361675	0.0042433738085912	0.00476935105551212	0.00475959631571989	0.00358352144469526	0.00450300754378386	0.0046721906374743
C[T>A]A	0.00212317312586345	0.00202099480035318	0.00280583613916947	0.00257311810771935	0.00254602428515472	0.00250195465207193	0.00290864219293993	0.00237020316027088	0.00269183476787079	0.00284262731341478
C[T>A]C	0.00282120264669527	0.0025311488276268	0.00286960514233241	0.00287677800863033	0.00313356835095966	0.00240422204847537	0.0028866070248116	0.00287810383747178	0.00279153235186601	0.00296359017781541
C[T>A]G	0.00430451537846288	0.00384577651329344	0.0041067238036935	0.00425123861275372	0.00487443965704835	0.00418295543393276	0.0040985412718699	0.00414785553047404	0.00460270512777907	0.00415809846377162
C[T>A]T	0.00378099323783902	0.00388501913077602	0.00349454137332925	0.00412338181237015	0.00359054706880794	0.00437842064112588	0.00392225992684324	0.00386568848758465	0.00422053105579741	0.00418833917987178
G[T>A]A	0.00279211808332727	0.00204061610909448	0.0031119273543516	0.00204570880613713	0.00280715498106802	0.00302971071149335	0.0029527125291966	0.00313205417607223	0.00264198597587318	0.00305431232611588
G[T>A]C	0.00289391405511525	0.00223682919650741	0.00270380573410876	0.00289276010867828	0.00282891587239413	0.00242376856919468	0.00266625534352827	0.00253950338600451	0.00259213718387558	0.00273678480706423
G[T>A]G	0.00354831673089508	0.00304130285490042	0.00335424956637078	0.00361195461083586	0.00413456935196066	0.00332290852228303	0.00328324005112159	0.00321670428893905	0.00370542687182214	0.00397665416717068
G[T>A]T	0.00386824692794299	0.00333562248601982	0.00329048056320784	0.00380373981141122	0.00369935152543848	0.00349882720875684	0.00427482261689657	0.00341422121896163	0.00350603170383171	0.00356840449981856
T[T>A]A	0.00682033010979423	0.00539585990385559	0.00675951433527191	0.00660060731980182	0.00594072333202768	0.00695856137607506	0.00729364065047816	0.00747742663656885	0.00751055132763949	0.00619934680053224
T[T>A]C	0.0019341234639715	0.00170705386049249	0.00246148352208958	0.00190186990570561	0.00208904556730644	0.002443315089914	0.00209334097219162	0.00220090293453725	0.00234289322388754	0.00232853513971211
T[T>A]G	0.00257398385806733	0.0025507701363681	0.00258902152841547	0.00284481380853444	0.00276363319841581	0.00226739640344019	0.00264422017539994	0.00282167042889391	0.00294107872785883	0.00250997943631305
T[T>A]T	0.00522067912455464	0.00470911409791033	0.00563717987960412	0.00465079111395237	0.00439570004787396	0.00537529319781079	0.00559693270459654	0.00555869074492099	0.00503472799175833	0.00470243135357445
A[T>C]A	0.0283429070021086	0.0259589914647307	0.0274589327619631	0.0276969793830909	0.0270052661357009	0.0273455824863174	0.0288881054162443	0.0269187358916479	0.0281479512146489	0.0266420708842385
A[T>C]C	0.0132189340507526	0.0148925733346414	0.0134935210692786	0.0131852325395557	0.014209862035949	0.0128616106333073	0.014763562645983	0.0142212189616253	0.013459173839354	0.0135780815289706
A[T>C]G	0.0757507452919363	0.0766800745609732	0.0735129068462402	0.076793990730382	0.0764460112286199	0.0782447224394058	0.0744127627693799	0.0763261851015801	0.0746070253564189	0.0787014636506592
A[T>C]T	0.0233549043844979	0.0244481506916511	0.0230461177430874	0.0231580629694742	0.0213256734995865	0.0229671618451916	0.0233793133841611	0.0234198645598194	0.0219002359509488	0.0223932502721664
C[T>C]A	0.0138006253181124	0.0136368095751987	0.01404193449648	0.0135048745405146	0.0130347739043391	0.0127052384675528	0.0134634877264114	0.0132900677200903	0.0135754876873484	0.0137292851094714
C[T>C]C	0.0146295353741002	0.0158540174629648	0.0153555759616366	0.014895317244686	0.0167341254297776	0.0148944487881157	0.0153805473535763	0.0155191873589165	0.0150709514472766	0.0162846256199347
C[T>C]G	0.0728132043917691	0.0771902285882468	0.0703117028874605	0.0768739012306217	0.0833442137789964	0.0724198592650508	0.0742585165924816	0.0759875846501129	0.0777474992522681	0.0797901294302649
C[T>C]T	0.0186432051188832	0.0185421367605219	0.0185057647178859	0.0182036119546108	0.017822169996083	0.0172986708365911	0.0178925565202063	0.0195541760722348	0.0172975308231697	0.0174035321156405
G[T>C]A	0.0118810441358249	0.0114196016874326	0.0116059585756555	0.0118107719354323	0.0110327719023371	0.0119820172009382	0.0120091666299414	0.0112866817155756	0.0119304775514273	0.0112646667473086
G[T>C]C	0.0108630844179452	0.0121259688021191	0.0115676971737578	0.0115870225347611	0.0115767941854898	0.010652853792025	0.0110836895685514	0.0119356659142212	0.0109501179754744	0.0123230918108141
G[T>C]G	0.0589253253835527	0.0608064357892671	0.0568181818181818	0.0625539395876618	0.0681333507420464	0.0605942142298671	0.0595830946190119	0.0600733634311512	0.0621614436210162	0.0636113463166808
G[T>C]T	0.0132916454591725	0.0133817325615619	0.0135190286705438	0.0141121943423366	0.0138399268834051	0.0127443315089914	0.014234718610903	0.0137979683972912	0.012561895583397	0.0142584976412241
T[T>C]A	0.0135534065294845	0.0146571176297459	0.0138251198857259	0.0144318363432955	0.0145797971884928	0.0142103205629398	0.0144771054603147	0.0149266365688488	0.0138911967033332	0.0139712108382727
T[T>C]C	0.0133061877408565	0.0138526439713529	0.0132767064585246	0.0127217516381653	0.0157331244287766	0.0137998436278342	0.0133973822220264	0.014334085778781	0.0138081153833372	0.0149237933954276
T[T>C]G	0.0435105067985167	0.0466790934955362	0.0419217426793184	0.0460763944382292	0.049049049049049	0.0455433932759969	0.0452161649993389	0.044920993227991	0.0485859559336679	0.047311600338696
T[T>C]T	0.0169272158801716	0.0173844795447856	0.0169498010407101	0.0176602205529807	0.0194759977368673	0.0166927286942924	0.0175620289982813	0.018058690744921	0.0184939018311123	0.0180537075117939
A[T>G]A	0.00411546571657093	0.00402236829196507	0.00411947760432609	0.00445900591337702	0.00339469904687296	0.00453479280688038	0.00412057643999824	0.00400677200902935	0.00373865939982054	0.00391617273497036
A[T>G]C	0.00266123754817131	0.00292357500245266	0.00298438934802571	0.00287677800863033	0.00256778517648083	0.00271696637998436	0.00286457185668327	0.00270880361173815	0.0027416835598684	0.00334159912906738
A[T>G]G	0.00444993819530284	0.00474835671539292	0.00470615243342516	0.0047307016141921	0.00441746093920007	0.004573885848319	0.00418668194438324	0.0034706546275395	0.00433684490379183	0.00371960808031934
A[T>G]T	0.00439176906856686	0.004218581379378	0.00423426181001939	0.0041073997123222	0.00402576489533011	0.00385066458170446	0.00337138072363492	0.00482505643340858	0.00450300754378386	0.00391617273497036
C[T>G]A	0.00283574492837926	0.00280584715000491	0.00270380573410876	0.00231740450695221	0.00213256734995865	0.00287333854573886	0.00273236084791327	0.00265237020316027	0.00270845103186999	0.002691423732914
C[T>G]C	0.00532247509634262	0.00529775336014912	0.00492296704417916	0.00445900591337702	0.00465683074378727	0.00492572322126661	0.00546472169582654	0.00510722347629797	0.00428699611179422	0.0053072456755776
C[T>G]G	0.00600596233549044	0.00659275973707446	0.0064406693194572	0.00610516221831549	0.00537494015754885	0.00631352619233776	0.00616984707593319	0.00696952595936795	0.00634741284769532	0.00580621749123019
C[T>G]T	0.00549698247655057	0.00519964681644266	0.00494847464544434	0.00530605721591817	0.00478739609174392	0.00496481626270524	0.00480366665197655	0.00507900677200903	0.00450300754378386	0.00500483851457603
G[T>G]A	0.00349014760415909	0.0031001667811243	0.00295888174676053	0.00284481380853444	0.00272011141576359	0.00263878029710711	0.0029527125291966	0.00282167042889391	0.00269183476787079	0.00291822910366517
G[T>G]C	0.00434814222351487	0.00359069949965663	0.00336700336700337	0.0036918651110756	0.0035035035035035	0.00387021110242377	0.00354766206866158	0.00420428893905192	0.00350603170383171	0.00384057094471997
G[T>G]G	0.0046099032938268	0.00468949278916904	0.00497398224670952	0.00490650471471951	0.00426513469991731	0.00453479280688038	0.0042307522806399	0.00423250564334086	0.00407098467980459	0.00503507923067618
G[T>G]T	0.00526430596960663	0.00494456980280585	0.005331088664422	0.00527409301582228	0.00467859163511337	0.00486708365910868	0.00478163148384822	0.00507900677200903	0.00545013459173839	0.00533748639167776
T[T>G]A	0.00443539591361885	0.00392426174825861	0.00367309458218549	0.00434713121304139	0.00359054706880794	0.00404612978889758	0.00348155656427659	0.00363995485327314	0.00397128709580938	0.00361376557396879
T[T>G]C	0.0046099032938268	0.00412047483567154	0.00461687582899704	0.00463480901390443	0.00422161291726509	0.00431978107896794	0.00445110396192323	0.00428893905191874	0.00435346116779103	0.00443026490867304
T[T>G]G	0.00487166436413873	0.00500343372902973	0.00474441383532293	0.00479463001438389	0.00433041737389563	0.00443706020328382	0.00434092812128157	0.004627539503386	0.00440330995978864	0.0046721906374743
T[T>G]T	0.00892896095397368	0.00798587265770627	0.00888939904091419	0.00894997602684993	0.00750750750750751	0.00807271305707584	0.00841743422502314	0.00790067720090293	0.00885646871157489	0.00742409580258861
