Type	A67	A46	A60	A74	A96	A77	A97	A89
A[C>A]A	0.00867446972847721	0.00888208729051327	0.00845628102708994	0.00874748081128597	0.00906142476283069	0.00924170616113744	0.00877996701536893	0.00901285992324063
A[C>A]C	0.00661477828609906	0.00706666066525634	0.00634718505327457	0.00681788945585524	0.0068891133779442	0.00684834123222749	0.00682001067618494	0.00742128526474708
A[C>A]G	0.00381240964094033	0.00365335853925673	0.00385009500880448	0.00361619713277018	0.00364583728931998	0.00355450236966825	0.00356138407973676	0.00392891572839551
A[C>A]T	0.0049610837145743	0.00492115647177087	0.00536227702776645	0.00493117790832297	0.00514214967681172	0.00503949447077409	0.00525841944659119	0.00558415337322881
C[C>A]A	0.00595131998494841	0.00588138212479933	0.00577016823024961	0.00573160098909424	0.00618273240313846	0.00605055292259084	0.00615075729207333	0.00619349909962348
C[C>A]C	0.00542649476165013	0.00540877106119938	0.0059790881144483	0.00551005531495219	0.00536241901304146	0.00530805687203791	0.00551337311672894	0.0052112701675246
C[C>A]G	0.00392133563068148	0.00362335148759959	0.00439726613408677	0.00394494232665838	0.00362305080626173	0.00367298578199052	0.00382430505206632	0.00372883205704204
C[C>A]T	0.00598102707305963	0.00579886273274219	0.00572042540067849	0.00570301445049526	0.00568142977585696	0.00567930489731438	0.00544963469919451	0.00562962693490005
G[C>A]A	0.00565424910383617	0.00537876400954224	0.00585970532347762	0.00568872118119578	0.00563585680974046	0.00574249605055292	0.00585596711097655	0.00598432071593575
G[C>A]C	0.00426791832531242	0.00410346431411382	0.00413860342031696	0.00432371396309478	0.00420030837707072	0.00403633491311216	0.00434217969453363	0.00393801044072976
G[C>A]G	0.00341631513279068	0.00339079683725676	0.00346210093814977	0.00365907694066864	0.00315213015639123	0.0033175355450237	0.00333829961836622	0.00352874838568856
G[C>A]T	0.00316875606519716	0.00348831975514246	0.00318354109255151	0.00333033174678044	0.00339518597567923	0.00320695102685624	0.00331439771179081	0.00373792676937628
T[C>A]A	0.00499079080268552	0.00537876400954224	0.00480515733656993	0.00474536540742964	0.00520291363163371	0.005	0.00520264833124856	0.0051930807428561
T[C>A]C	0.0041193828847563	0.00423849604657094	0.00412865485440274	0.00414504809685119	0.00402561200695747	0.00382306477093207	0.00390397807398437	0.00411990468741474
T[C>A]G	0.00204978907967441	0.00217551124514261	0.00205935314424426	0.00206537741377585	0.00214192940747549	0.00209320695102686	0.00211930238302009	0.00216454153555123
T[C>A]T	0.00761491691917692	0.00777182637919911	0.00668543629435817	0.00741820676643369	0.0080284375308567	0.00778830963665087	0.00772031582385888	0.00789421030612802
A[C>G]A	0.0105361139167805	0.010217401089256	0.0101873314961648	0.0100124351442906	0.0102842993536234	0.0101816745655608	0.0103176563383873	0.0103952561980465
A[C>G]C	0.00458479393183214	0.00468110005851375	0.00472556880925615	0.00496691108157169	0.00459527408341372	0.00460505529225908	0.00485208703480914	0.00474743983847791
A[C>G]G	0.00443625849127602	0.00451606127439948	0.00486484873205527	0.00465960579163272	0.00461046507211922	0.00473143759873618	0.00451746034275334	0.00448369318078469
A[C>G]T	0.00766442873269562	0.00794436692622766	0.00755096152889561	0.00804711061561111	0.00826389785579194	0.00783570300157978	0.008246157768518	0.00851265074485694
C[C>G]A	0.00391143326797774	0.00398343610748526	0.00364117512460579	0.00401640867315581	0.00379015168202222	0.00384676145339652	0.00356935138192857	0.00370154792003929
C[C>G]C	0.00471352464698077	0.00470360534725661	0.00511356287991086	0.004623872618384	0.00461806056647197	0.00457345971563981	0.00448559113398612	0.00421994652309147
C[C>G]G	0.00286178282138118	0.00297819987697109	0.00345215237223554	0.00342323799722711	0.00282552389922298	0.00291469194312796	0.00301960753069403	0.00264656128926642
C[C>G]T	0.00546610421246509	0.00554380279365651	0.00579006536207806	0.00558152166144962	0.00561307032668221	0.00590837282780411	0.00575239218248309	0.00531131200320134
G[C>G]A	0.00503040025350049	0.00479362650222802	0.00501407722076863	0.00477395194602862	0.00476997045352697	0.00471563981042654	0.00481225052385012	0.00438365134510795
G[C>G]C	0.00499079080268552	0.00479362650222802	0.00501407722076863	0.00487400483112502	0.00469401550999947	0.00484992101105845	0.00436608160110905	0.00436546192043946
G[C>G]G	0.0040698710712376	0.003713372642571	0.00414855198623118	0.00367337020996813	0.00379015168202222	0.00363349131121643	0.00358528598631217	0.00387434745439002
G[C>G]T	0.00525815459568653	0.00484613884262802	0.00529263706636688	0.00470248559953118	0.00492188034058197	0.004913112164297	0.00460510066686319	0.00470196627680666
T[C>G]A	0.0067435090012477	0.00702165008777063	0.00657600206930171	0.00688220916770293	0.0069194953553552	0.00662717219589258	0.00696342211563742	0.00721210688105935
T[C>G]C	0.00531756877190898	0.00529624461748511	0.00544186555508023	0.00518131012106399	0.00558268834927121	0.00556872037914692	0.00534605977070104	0.00570238463357404
T[C>G]G	0.00383221436634781	0.00330077568228534	0.003561586597292	0.00350899761302403	0.00341797245873748	0.00357030015797788	0.00343390724466788	0.00354693781035706
T[C>G]T	0.010862891886004	0.0106750086270274	0.0105554284349911	0.0105055529351229	0.0107172425317302	0.0106872037914692	0.0104770023822234	0.0107863288284192
A[C>T]A	0.033163012694829	0.0325576510479963	0.0305619944884945	0.0310449809184855	0.0325466933015335	0.0326224328593997	0.0328651215411949	0.0340869818287648
A[C>T]C	0.0150020794961678	0.0149885223027411	0.0151019230577912	0.0150651058416592	0.0143934617984612	0.0154976303317536	0.0153051875104571	0.0150790330501846
A[C>T]G	0.0495217158814093	0.0505243732277085	0.0496930867415462	0.0501550819718994	0.0498188474596869	0.0497946287519747	0.050496761291659	0.0506939265511032
A[C>T]T	0.0271027667201394	0.0269238270993684	0.0261149855248366	0.0254134328144877	0.0270475553901426	0.0267614533965245	0.0269135468039167	0.0278752933044728
C[C>T]A	0.0174677678093993	0.0164813731226838	0.0171811733338639	0.0170876034475366	0.0167936380139301	0.0165876777251185	0.0167871057181328	0.0171617221747276
C[C>T]C	0.0146257897134256	0.0134506609053127	0.0144950605370236	0.0150007861298115	0.0135579574196587	0.0135150078988942	0.0139109096268912	0.013887625734398
C[C>T]G	0.0380547798704771	0.0369911929303386	0.0407294288528309	0.0400783271157612	0.0368001701390735	0.0368562401263823	0.0370240532853171	0.0353238627062226
C[C>T]T	0.0197057017804448	0.0193770536075978	0.021369519583752	0.019889084230236	0.0200065321251434	0.0200473933649289	0.0199421573860875	0.0198537570256653
G[C>T]A	0.0144475471847583	0.0135856926377699	0.0144751634051951	0.0141146034332433	0.0142871248775227	0.0145418641390205	0.013918876929083	0.0143514560634447
G[C>T]C	0.0125958053591587	0.0117102519091987	0.0124755016564362	0.0129925817932336	0.0119173306394647	0.0121090047393365	0.0131301140120944	0.011914073157866
G[C>T]G	0.0289644109084428	0.0283491620530825	0.0307012744112936	0.0317453511141603	0.0287109686533948	0.0288783570300158	0.0286105821707712	0.0266566018516834
G[C>T]T	0.0158140732378746	0.0157762074087411	0.0155098142602744	0.0156225433443392	0.0158973696803056	0.0161216429699842	0.0162612637734737	0.0155519580915656
T[C>T]A	0.0164280197255065	0.0161362920286267	0.0158082712377011	0.0156582765175879	0.0165050092285256	0.0162401263823065	0.0161337869384048	0.0165250923113302
T[C>T]C	0.0144178400966471	0.0140583037013698	0.0144652148392809	0.0138001515086546	0.0139301366429434	0.0135545023696682	0.0142694382255225	0.014433308474453
T[C>T]G	0.0228051413067158	0.0236080478912544	0.024175015171563	0.0238697597301431	0.0236751558975216	0.0230568720379147	0.0232884243066455	0.0228095385342962
T[C>T]T	0.0187154655100707	0.0183043015108551	0.0181859784912005	0.0179809327787545	0.0188748034665836	0.0185939968404423	0.0185638141069053	0.0188078651072267
A[T>A]A	0.0047927435486107	0.00570133981485649	0.00454649462280012	0.00494547117762246	0.00555230637186021	0.00533965244865719	0.00505126958960426	0.00513851246885061
A[T>A]C	0.00412928524746004	0.00461358419228519	0.00446690609548634	0.00435230050169375	0.00454210562294447	0.00443127962085308	0.00463696987563041	0.00436546192043946
A[T>A]G	0.00480264591131444	0.00529624461748511	0.00496433439119751	0.0051670168517645	0.00526367758645571	0.00528436018957346	0.0052823213531666	0.00529312257853284
A[T>A]T	0.00616917196443071	0.00678159367451351	0.00592934528487719	0.00641053128081986	0.00663846206430346	0.00649289099526066	0.00633400524248484	0.00655728759299343
C[T>A]A	0.00221812924563801	0.00212299890474261	0.00215883880338649	0.00219401683747123	0.00241536720417448	0.00231437598736177	0.00233441954219882	0.00247376175491569
C[T>A]C	0.00311924425167845	0.00336078978559962	0.00340240954266443	0.00315166588053686	0.00284831038228123	0.00300947867298578	0.00312318245918749	0.00298306564563363
C[T>A]G	0.00427782068801616	0.00405845373662811	0.00435747187042988	0.00410931492360248	0.00395725255778272	0.00404423380726698	0.00438201620549266	0.00407443112574349
C[T>A]T	0.0046244033826471	0.00458357714062805	0.00443706039774366	0.00437374040564298	0.00463325155517747	0.00454186413902054	0.00463696987563041	0.0047838186878149
G[T>A]A	0.00230725050997168	0.00234805179217116	0.00217873593521494	0.00218687020282149	0.00256727709122948	0.00240916271721959	0.00238222335534965	0.00246466704258144
G[T>A]C	0.0025052977640465	0.00261061349417113	0.00226827302844295	0.00269428126295328	0.00243055819287998	0.00241706161137441	0.00260530781672018	0.0023828146315732
G[T>A]G	0.00265383320460262	0.00270813641205683	0.00316364396072306	0.00317310578448609	0.00287869235969223	0.00281990521327014	0.00295586911315959	0.00307401276897612
G[T>A]T	0.0039510427187927	0.00398343610748526	0.00376055791557647	0.00401640867315581	0.00411675793919047	0.00399684044233807	0.00391991267836798	0.004019862851738
T[T>A]A	0.0090804665993306	0.0103149240071417	0.00802849269277834	0.00972656975830082	0.0100108615569244	0.010173775671406	0.00960856644331663	0.00956763737562981
T[T>A]C	0.00249539540134276	0.00246807999879972	0.00249709004447009	0.00219401683747123	0.00227105281147223	0.00250394944707741	0.00251766749261033	0.00251923531658694
T[T>A]G	0.00268354029271384	0.00273064170079969	0.00243739864898475	0.00248702885811072	0.00281792840487023	0.00268562401263823	0.00278058846493989	0.00259199301526093
T[T>A]T	0.0060701483373933	0.00653403549834211	0.00526279136862421	0.00618183897202807	0.00668403503041996	0.00664296998420221	0.0062702668249504	0.00652090874365644
A[T>C]A	0.0324104331293447	0.0339154701354818	0.0308405543340927	0.031559538613267	0.0334353661408053	0.0347314375987362	0.0341239552875001	0.0354784728159048
A[T>C]C	0.013962331412275	0.0141258195675984	0.0137091238297999	0.0136000457384618	0.0142263609227007	0.0139731437598736	0.0134886426107256	0.0142968877894392
A[T>C]G	0.0424514289109382	0.0427300415597665	0.0419332053284519	0.0422437574146335	0.042709464745513	0.0422827804107425	0.0424019822647853	0.042244938792586
A[T>C]T	0.0265482344087299	0.0280040809590254	0.0261050369589224	0.0265926275316953	0.0276551949383626	0.0278909952606635	0.0272322388915889	0.0282208923731742
C[T>C]A	0.0142990117442022	0.0149210064365126	0.0144652148392809	0.0140574303560453	0.0142187654283479	0.0142101105845182	0.0144447188737422	0.0142605089401022
C[T>C]C	0.0144871566355732	0.0136982190814841	0.0149825402668205	0.0144933750696797	0.0138845636768269	0.0135624012638231	0.0139746480444257	0.0136329737890391
C[T>C]G	0.0322222882379736	0.0316649412611964	0.0354865346160351	0.0336535025656418	0.031042785419689	0.0322037914691943	0.0322197700636587	0.0304127180457282
C[T>C]T	0.0180024953954013	0.0184918455837122	0.0187331496164828	0.0186455698011806	0.0179785351329591	0.0182859399684044	0.0184204026674528	0.0175073212434291
G[T>C]A	0.0132691660230131	0.0136382049781699	0.0133609240228021	0.0134928462187156	0.0138086087332994	0.0134597156398104	0.013265558149355	0.0137239209123815
G[T>C]C	0.0118333234309706	0.0113801743409701	0.0123859645632082	0.0119920529422695	0.0111425902154842	0.0115876777251185	0.011512751667158	0.0112410644451316
G[T>C]G	0.0241122531836096	0.0233904967667402	0.0254285344767552	0.02423423809728	0.0226573596542531	0.0232543443917851	0.0228900591970553	0.0230187169179839
G[T>C]T	0.0154872952686511	0.0155586562842268	0.0152213058487619	0.0150293726684104	0.0155783589174901	0.0154739336492891	0.0156637161090883	0.0150790330501846
T[T>C]A	0.0150119818588715	0.015431126314684	0.0140871693345404	0.0142718293955376	0.0156846958384286	0.0152764612954186	0.0146996725438799	0.0158157047492588
T[T>C]C	0.0131008258570495	0.0129405410271414	0.0130127242158043	0.0134356731415177	0.0136491033518917	0.0130568720379147	0.0132814927537387	0.0131691434599924
T[T>C]G	0.0194185332620363	0.0188669337294264	0.0190216580279953	0.0187956491288252	0.0185406017150626	0.0190758293838863	0.0188028331726594	0.0182076140931662
T[T>C]T	0.0176955221515854	0.0179742239426265	0.0172010704656924	0.0172162428712319	0.0182519729296581	0.0180726698262243	0.018085775975397	0.0179620568601415
A[T>G]A	0.0061889766898382	0.0067365830970278	0.00557119691196514	0.00639623801152038	0.00659288909818696	0.00664296998420221	0.00667659923673245	0.00670280299034142
A[T>G]C	0.00354504584793932	0.00325576510479963	0.00342230667449287	0.00345897117047582	0.00338759048132648	0.00355450236966825	0.00352951487096954	0.00343780126234607
A[T>G]G	0.00572356564276236	0.00555880631948508	0.00548165981873713	0.00518131012106399	0.00543077846221621	0.00560031595576619	0.00556914423207158	0.00570238463357404
A[T>G]T	0.0055156160259838	0.0052512340399994	0.00477531163882726	0.00495976444692194	0.00525608209210296	0.00533175355450237	0.00512297530933051	0.00531131200320134
C[T>G]A	0.00206959380508189	0.00224302711137117	0.00215883880338649	0.00222975001071995	0.00223307533970849	0.00212480252764613	0.00215913889397911	0.00189170016552376
C[T>G]C	0.00353514348523558	0.00363085325051387	0.00390978640428982	0.00409502165430299	0.00366862377237823	0.00359399684044234	0.00366495900823022	0.00335594885133783
C[T>G]G	0.00490166953835185	0.00471860887308518	0.00508371718216819	0.00503123079341938	0.00489909385752372	0.00464454976303318	0.00468477368878124	0.00462920857813267
C[T>G]T	0.00420850414908997	0.00426850309822808	0.00390978640428982	0.00425939425124709	0.00434462276977297	0.00427330173775671	0.00424657206823198	0.00408352583807774
G[T>G]A	0.00352524112253184	0.00341330212599961	0.0032631296198653	0.00366622357531838	0.00375976970461122	0.0034044233807267	0.00350561296439413	0.00352874838568856
G[T>G]C	0.0042877230507199	0.00394592729291383	0.00421819194763075	0.00413790146220145	0.00391927508601897	0.0037519747235387	0.00400755300247783	0.00380158975571603
G[T>G]G	0.00522844750757531	0.00495116352342801	0.00532248276410955	0.00505981733201835	0.00500543077846222	0.00524486571879937	0.00501143307864524	0.00490204994816014
G[T>G]T	0.00560473729031747	0.00549129045325652	0.00536227702776645	0.00562440146934808	0.00562826131538771	0.00567140600315956	0.00573645757809948	0.00572057405824254
T[T>G]A	0.00541659239894639	0.00537126224662796	0.00486484873205527	0.00497405771622143	0.00533203703563046	0.00560031595576619	0.00537792897946826	0.0056387216472343
T[T>G]C	0.0051789356940566	0.00546878516451366	0.00559109404379359	0.0053313894487086	0.00510417220504797	0.00513428120063191	0.00548150390796173	0.00516579660585336
T[T>G]G	0.00548590893787258	0.00558881337114222	0.00589949958713451	0.0056601346425968	0.00605360899914171	0.00555292259083728	0.00533012516631743	0.00559324808556305
T[T>G]T	0.00965480363614758	0.010164888748856	0.00915268064108559	0.00992667552849363	0.00974501925457818	0.0100236966824645	0.00964043565208385	0.0105771504447314
