Type	HL01	HL02	HL03	HL04	HL05	HL06	HL07	HL08	HL09	HL10
A[C>A]A	0.00894740518265	0.00884398013358452	0.0086092036486625	0.00896336436217066	0.00883635107219784	0.00878119144633138	0.00895466408288925	0.00892718849885242	0.00883862168740063	0.00892195490597463
A[C>A]C	0.00717329049381854	0.00706970371638979	0.00698985343855693	0.00729330354940773	0.00693969668232509	0.00707105255331172	0.00704808638984826	0.00696996578380433	0.00699253275865966	0.00719039128935455
A[C>A]G	0.00359013759865894	0.00345949648912485	0.00354617197909193	0.00363608176955979	0.00385211976857876	0.00378461172411742	0.00381315538608198	0.00357650769512384	0.00365450257322191	0.00354383570689617
A[C>A]T	0.00487532304253684	0.00496660387052577	0.00487854873424208	0.00524976922155435	0.0050503936660565	0.00454302114623918	0.00495397646470487	0.00485081457074867	0.00499574269287862	0.00475446281173648
C[C>A]A	0.00606272263742404	0.00584346634697722	0.00598544634621298	0.00596148290125501	0.00595461261936793	0.00617137078785355	0.00611823907234056	0.00597023331784452	0.0062993075282753	0.00618520393563866
C[C>A]C	0.00573444157295523	0.00572700804932351	0.00597861364490451	0.00567256942731712	0.00536650273103529	0.00578473069030128	0.00533685477191392	0.00551260930173616	0.00513137371621469	0.00560557035210906
C[C>A]G	0.00376475518614235	0.00392532967973968	0.0040244610706843	0.00372768848080839	0.00385947114218292	0.00382178865657437	0.00378190001406492	0.00392148579957476	0.00376752842600197	0.00369057838627075
C[C>A]T	0.0055947475029685	0.00589141976365816	0.00555498616377985	0.00581350282923804	0.00528563762138956	0.0054055259792404	0.00541499320195659	0.00546332671538602	0.00567389780955897	0.00551752474448431
G[C>A]A	0.00564364042746385	0.00575441000171262	0.00578729800826757	0.00575712946846967	0.00586639613611803	0.00564345834696487	0.00593070684023817	0.0057660626029654	0.00596776502678713	0.00589905571085822
G[C>A]C	0.00449116435007334	0.00467203288234287	0.00441392504526665	0.00453100887175765	0.00416087745995339	0.00457276269220474	0.00385222460110331	0.00454807868316929	0.00418949160971419	0.00434358330948765
G[C>A]G	0.00344345882517287	0.0034457955129303	0.00329336203067883	0.00365722177984793	0.00333017224268355	0.00352437319691878	0.00318804794574067	0.00340753882763767	0.00330035490117773	0.00341176729545905
G[C>A]T	0.00364601522665363	0.00348689844151396	0.00343684875815654	0.00346696168725469	0.00334487498989186	0.00337566546709098	0.00328962790479614	0.00335825624128754	0.00325514456006571	0.00352182430498998
T[C>A]A	0.00528742054899769	0.00529542729919507	0.00513135868265519	0.00496790241771251	0.00491806894118166	0.0048924843113345	0.00512588101079873	0.00502682380771343	0.00498067257917461	0.0051873537158915
T[C>A]C	0.00415589858210519	0.00437746189415996	0.00412011888900277	0.00411525533609093	0.00395503899903697	0.0043125241650061	0.00400068761818438	0.00415381799236824	0.00423470195082622	0.00414548069233196
T[C>A]G	0.00194873227631487	0.00219215619112862	0.00203614498992177	0.00208581434842965	0.0019407626314977	0.00217113285548583	0.00213317914016472	0.00199242456244104	0.00192897455411301	0.0020397232433067
T[C>A]T	0.00752252566878536	0.00693269395444425	0.00752280414061699	0.0072439768587354	0.00723375162649141	0.00726437260208786	0.00718873556392505	0.00708965206494037	0.00748984651089192	0.00707299714585489
A[C>G]A	0.0103233917720193	0.0100154135982189	0.0101328960404496	0.010386791721572	0.0100493277168839	0.0100005948309193	0.0101892512775633	0.00990579985637646	0.0099161348172372	0.00991246799175306
A[C>G]C	0.00474261367604945	0.00453502312039733	0.00468040039629668	0.00473536230454299	0.00445493240411971	0.00455045653273057	0.00428198596633796	0.00466072459482674	0.00471694558935447	0.00447565172092477
A[C>G]G	0.00460291960606272	0.00466518239424559	0.00459840798059513	0.00432665543897231	0.00444022965691139	0.00472147042203254	0.00449295972745316	0.00430166575141863	0.00465666513453844	0.00416749209423815
A[C>G]T	0.00772508207026612	0.00771364959753382	0.00772778517987086	0.00798387721882025	0.00840262002955252	0.00800791125122684	0.00804044445139008	0.00780072938227798	0.00803990566108821	0.00793144182019619
C[C>G]A	0.00360410700565761	0.00369926357252954	0.00409962078507738	0.00379110851167281	0.00381536290055797	0.00415638104868691	0.00386785228711185	0.00380883988791732	0.00405386058637812	0.00392536667327009
C[C>G]C	0.00457498079206538	0.00498715533481761	0.00472139660414745	0.00459442890262207	0.00462401399701534	0.00459506885167891	0.00466486427354702	0.00464664385586956	0.00445321859953433	0.00454168592664333
C[C>G]G	0.00299643780121534	0.00334303819147114	0.00312937719927573	0.00288913473937891	0.00297730630968396	0.00317491003182345	0.00266452046445483	0.00313296441797266	0.00299895262709757	0.0033237216878343
C[C>G]T	0.00544806872948243	0.00591882171604727	0.00595811554097913	0.00560210272635666	0.00568996316961824	0.00553192754959403	0.00547750394599072	0.0057660626029654	0.00541770587659084	0.00550285047654685
G[C>G]A	0.00445624083257666	0.00504195923959582	0.00489904683816747	0.00474240897463903	0.0047710414690985	0.00470659964904976	0.00468830580255981	0.00463960348639097	0.00471694558935447	0.00479848561554885
G[C>G]C	0.00444925612907732	0.00472683678712108	0.00491271224078439	0.00463670892319834	0.00452844614016129	0.00469172887606698	0.00459453968650862	0.00465368422534815	0.00443814848583033	0.00474712567776775
G[C>G]G	0.00380666340713837	0.0039184791916424	0.00371015681049503	0.00373473515090444	0.00408736372391181	0.00391101329447105	0.00367250621200519	0.00377363804052437	0.00351887154988584	0.00388868100342644
G[C>G]T	0.00451211846057135	0.00480219215619113	0.00501520276041133	0.00496790241771251	0.00495482580920245	0.00478838890045505	0.00471956117457688	0.00491417789605599	0.00478476110102251	0.00492321689301725
T[C>G]A	0.00663546832436963	0.00659702003767768	0.00675070889276075	0.00673661661182008	0.00647656014526314	0.00671415400172501	0.006805857256716	0.00658274546248187	0.0066835954277275	0.00668412904551224
T[C>G]C	0.00529440525249703	0.00515841753724953	0.00524751460489905	0.00536251594309109	0.00574142278484735	0.00524938286292121	0.0051805779118286	0.00554781114912911	0.00530468002381078	0.00529741072542244
T[C>G]G	0.00333868827268282	0.00355540332248673	0.00353933927778347	0.00339649498629423	0.00354336207720413	0.00347976087797044	0.00343027707887293	0.0033864177192019	0.00330035490117773	0.0033237216878343
T[C>G]T	0.0105259481735	0.0102620311697208	0.0103993713914796	0.0103374650308996	0.0104977615067375	0.010394670314963	0.0103064589226273	0.0104619890451851	0.0104209836263215	0.0102646504222521
A[C>T]A	0.0319689879164629	0.0308408974139407	0.030535342147518	0.0310899084637555	0.0311036617191922	0.030403295363293	0.0315913672662489	0.0310761908784973	0.0311423899693323	0.0315936988693477
A[C>T]C	0.0156597052455123	0.0153793457783867	0.0147996310341293	0.0151573873765952	0.0154158304479192	0.0145882282961068	0.0146353279469909	0.0154184091581126	0.0149646229080798	0.0148797076885827
A[C>T]G	0.0482712858839142	0.048138379859565	0.0486283352123262	0.0491716639302098	0.0484161465569842	0.0484118014454391	0.04846145431246	0.0488249623340233	0.0487894931167256	0.0488286265618924
A[C>T]T	0.0266047356289725	0.0253331049837301	0.0260530900891668	0.0260515393450825	0.0259429974490734	0.0260461588793385	0.0263951616684118	0.0258592770948619	0.0263350236977538	0.0260614998569259
C[C>T]A	0.0171544317943703	0.0166946394930639	0.0162823272180657	0.016052314478793	0.0166949694550427	0.0167444903786099	0.0167528794011471	0.0164955856883369	0.0166750808134847	0.0167433397166399
C[C>T]C	0.0145281832786198	0.0150094194211338	0.0145331556830993	0.0140440135014199	0.0143131244072955	0.014342860541891	0.0137836190595259	0.014742533688168	0.0138418994371313	0.0140872972199599
C[C>T]G	0.0377313683034155	0.0385819489638637	0.038693587509822	0.0376855916736546	0.0381977372472046	0.0383740296820629	0.0361937207957618	0.0378490263169011	0.0370875498255634	0.0373166633649564
C[C>T]T	0.020136900188587	0.0201883884226751	0.0206142598476308	0.0203789699177654	0.019407626314977	0.020313475894477	0.0202144118520371	0.020360748532083	0.0198247345776224	0.0196194962323817
G[C>T]A	0.0155339805825243	0.0157903750642233	0.0155102319702094	0.0161862012106179	0.0151144241301487	0.0156663593373584	0.0161277719608058	0.0161928498007575	0.0165771250744087	0.0158482093724549
G[C>T]C	0.0148774184535866	0.0143106696352115	0.0143281746438454	0.0138889867593069	0.0144160436377537	0.0143502959283824	0.0150572754692213	0.0142919500415382	0.0144597740989956	0.014600896597771
G[C>T]G	0.0301180414891388	0.0313615345093338	0.0308769772129411	0.0308221350001057	0.0294201971638401	0.0300463968117063	0.0301848755254809	0.0300623776735803	0.0295072826324475	0.0308086255346936
G[C>T]T	0.0170287071313823	0.0165644802192156	0.0169314338423696	0.016510348035036	0.0164817796205221	0.0167891026975582	0.0167763209301599	0.0163477379292865	0.017097043997197	0.0167433397166399
T[C>T]A	0.0157714605015017	0.0157013187189587	0.0156468859963787	0.0153758341495726	0.0161877246763558	0.015755583975255	0.0157136382815796	0.0159112350216139	0.0160195308673604	0.0154006442003625
T[C>T]C	0.014220856324649	0.0139749957184449	0.0141846879163677	0.0139171734396911	0.0134456623220049	0.0139487850578473	0.0142680773257904	0.014397555583717	0.0136610580726832	0.0139625659424915
T[C>T]G	0.0232171544317944	0.0235862305189245	0.0235933176181203	0.0229510045028222	0.0233259084459931	0.0230273919638343	0.023293065995718	0.0232332192793478	0.0230874141945401	0.0231413205373717
T[C>T]T	0.0180414891387861	0.0179756807672547	0.018297974104062	0.0185327423526013	0.0182902175271449	0.0181423430389912	0.0184406694900686	0.0186992213351357	0.0187246162772298	0.0186509945485095
A[T>A]A	0.00528043584549836	0.00489124850145573	0.00500837005910287	0.00517225585049785	0.00531504311580619	0.00530143056836094	0.0051805779118286	0.00525915600050691	0.00528207485325477	0.00526072505557879
A[T>A]C	0.0044073479080813	0.00450077067991094	0.00428410372040586	0.0045239622016616	0.00431525630564071	0.00441661957588555	0.00452421509947022	0.00442135203255467	0.00415181632545418	0.00434358330948765
A[T>A]G	0.00514074177551163	0.00503510875149854	0.00531584161798367	0.00529204924213063	0.00522682663255629	0.00510811051958481	0.00524308865586273	0.00521691378363537	0.00524439956899475	0.00545149053876575
A[T>A]T	0.00656562128937627	0.00609008391847919	0.00640907382733764	0.00678594330249241	0.0069029398143043	0.00636469083662969	0.00654800043757521	0.00644897844238866	0.00664592014346748	0.00677217465313699
C[T>A]A	0.00220018160229098	0.00204144545298853	0.00220696252263332	0.00224788776063871	0.00232303405891391	0.00226035749338251	0.00217224835518605	0.00225291823314888	0.00222284177134116	0.0022671743963373
C[T>A]C	0.00326185653419012	0.0032060284295256	0.00334119093983806	0.00329079493485353	0.00324930713303781	0.00326413466972013	0.00313335104471081	0.00299215702840085	0.0032400744463617	0.00317697900845972
C[T>A]G	0.0040231892156178	0.00413084432265799	0.00407912268115199	0.00397432193417001	0.00403590410868271	0.00443892573535972	0.00412570910625264	0.00402709134175361	0.00411414104119416	0.003954715209145
C[T>A]T	0.00421177621009988	0.00422675115601987	0.00442759044788357	0.00441826215022091	0.00427114806401576	0.00447610266781667	0.00449295972745316	0.00469592644221969	0.0045888496228704	0.00467375433808046
G[T>A]A	0.00236082978277572	0.00230861448878233	0.00207030849646408	0.00234654114198336	0.00229362856449728	0.00235701751777057	0.00230508368625858	0.0023092411889776	0.00227558716930519	0.00220847732458747
G[T>A]C	0.0026052944052525	0.00274019523891077	0.00260325919852414	0.00251566122428846	0.00265384587110102	0.00255033756654671	0.00251605744737377	0.00271758261873583	0.00269755035301741	0.00241391707571189
G[T>A]G	0.00295452958021932	0.00306216817948279	0.00281507293908647	0.00285390138889868	0.00285968433201744	0.003070814620944	0.00266452046445483	0.00278798631352173	0.00287839171746551	0.00272207670239851
G[T>A]T	0.00393238807012642	0.00385682479876691	0.0038058146288135	0.00392499524349769	0.00386682251578707	0.00404485025131606	0.00375064464204785	0.00370323434573846	0.00372231808488995	0.0038519953335828
T[T>A]A	0.0096179367185863	0.00898784038362733	0.00964094154624031	0.00991466482513688	0.00971851590469679	0.00907117151949558	0.00986888371438841	0.00982835579211197	0.00962226760000904	0.00964833116887881
T[T>A]C	0.00245163092826709	0.00239767083404693	0.0026100918998326	0.00229721445131103	0.00247741290460122	0.00237932367724474	0.00249261591836097	0.00232332192793478	0.00249410381801331	0.00253131121921155
T[T>A]G	0.00243766152126842	0.00250727864360336	0.00254176488674798	0.00279752802813031	0.0023597909269347	0.00246854831514142	0.0025316851333823	0.00268942114082147	0.00253931415912533	0.00247995128143045
T[T>A]T	0.00615352378291541	0.00588456927556088	0.00623142359331762	0.00620106968452058	0.00619720794830514	0.00585908455521518	0.00620419134538749	0.00632225179177403	0.00630684258512731	0.0059944384524517
A[T>C]A	0.0333798980233289	0.0327247816406919	0.0328789586963206	0.0333941695851625	0.0331105867131273	0.0319201142075365	0.0334510619012643	0.0329137273124094	0.0334933277071576	0.0330097657253124
A[T>C]C	0.0140113152196689	0.013605069361192	0.0136790680195415	0.0139242201097871	0.0139308529798793	0.0136290634387175	0.0135648314554064	0.0136864782663794	0.0137288735843512	0.0135883721100864
A[T>C]G	0.0423482573164769	0.043041616715191	0.0422534248915309	0.0421179471640676	0.0424247770695955	0.0430062754661987	0.0427026520183156	0.0419254002450049	0.0429196838290145	0.042797502439597
A[T>C]T	0.0279807222183418	0.0266278472341154	0.0270506644802022	0.0279823269513991	0.0278617059597586	0.027332480742349	0.0276844457641157	0.0274151987496304	0.0277817546133386	0.0274702295789219
C[T>C]A	0.0141929175106517	0.0140229491351259	0.0141778552150593	0.014065153511708	0.0143719353961288	0.0145659221366327	0.0147759771210677	0.0139821737844802	0.0140152057447273	0.0142927369710844
C[T>C]C	0.0139344834811762	0.0148244562425073	0.0143008438386116	0.0138678467490188	0.0137838255077961	0.0144023436338221	0.0141586835237306	0.0141159408045734	0.0143241430756595	0.013896531736773
C[T>C]G	0.032115666689949	0.0328412399383456	0.0323665060981859	0.0321821423286426	0.0324857199567739	0.0330577283407191	0.0323883792526841	0.0330122924851096	0.032415814577321	0.0329290572516564
C[T>C]T	0.0179297338827967	0.0188593937318034	0.0190769020532267	0.0185609290329855	0.018804813679436	0.0189676709395354	0.0189329415993374	0.0187696250299216	0.0187848967320458	0.0183795205916665
G[T>C]A	0.0136131871202067	0.0133790032539818	0.013228109733183	0.0134239065329678	0.0135485815524631	0.0135695803467864	0.0133147884792699	0.0135808727242006	0.0134726816513831	0.0134856522345242
G[T>C]C	0.0115177760704058	0.0118307929439973	0.0112671244576543	0.011302858834058	0.011960684853965	0.0118594414537668	0.0114316523152417	0.0115954885312381	0.0116190576657901	0.0118127856896539
G[T>C]G	0.0227841028148355	0.0239150539475938	0.0237163062416726	0.0235852048114663	0.023553801027722	0.0245516461945692	0.0232696244667052	0.0235429955364058	0.0234867722076963	0.0239043824701195
G[T>C]T	0.0150869595585667	0.0156396643260832	0.0153257490348809	0.0151926207270754	0.0157833991281271	0.0151012699640127	0.0152995046023535	0.0152987228769766	0.0151002539314159	0.0150264503679573
T[T>C]A	0.0151498218900608	0.0149203630758692	0.0149772812681494	0.0149389406036178	0.0154011277007109	0.0149674330071677	0.0150963446842426	0.0153972880496768	0.0154317964329041	0.0148797076885827
T[T>C]C	0.013347768387232	0.0132488439801336	0.0129684670834614	0.0127403795336514	0.013592689794088	0.0132796002736222	0.0132991607932613	0.0132288542502711	0.0127719213641467	0.0131261326700564
T[T>C]G	0.0188517147447091	0.0192087686247645	0.0192545522872468	0.018955542558364	0.0188930301626859	0.0189825417125182	0.0190892184594227	0.0184387276644278	0.019146579460942	0.0192673138018827
T[T>C]T	0.0182440455402668	0.0174070902551807	0.0179016774281712	0.0178139820028046	0.0175036205515	0.0175846890521369	0.0181437434559065	0.0179599825398837	0.0177450588864693	0.0180566866970424
A[T>G]A	0.00627226374240413	0.00587086829936633	0.00640907382733764	0.00619402301442453	0.00641774915642988	0.0062829015852244	0.00607135601431496	0.00642785733395289	0.00645000866531538	0.00620721533754485
A[T>G]C	0.00336662708668017	0.00319917794142833	0.00330702743329575	0.00353742838821515	0.00351395658278749	0.00340540701305654	0.00337558017784307	0.0035342654782523	0.00363943245951791	0.00334573308974049
A[T>G]G	0.00524551232800168	0.00518581948963864	0.0051655221891975	0.00528500257203459	0.00546207058788935	0.00549475061713708	0.00568847770710591	0.00559005336600065	0.00536496047862681	0.00534877066320354
A[T>G]T	0.00512677236851296	0.00509676314437404	0.0051108605787298	0.00519339586078599	0.00537385410463945	0.00530143056836094	0.00543062088796512	0.00510426787197792	0.00531221508066278	0.00530474785939116
C[T>G]A	0.00225605923028567	0.00216475423873951	0.00228895493833487	0.00219856106996639	0.00223481757566401	0.00229009903934807	0.00232852521527137	0.00230220081949901	0.00217009637337714	0.00228184866427476
C[T>G]C	0.00346441293567088	0.00372666552491865	0.00368965870656964	0.0038052018518649	0.00354336207720413	0.0036507747672724	0.00372720311303505	0.00356946732564525	0.00367710774377793	0.00371258978817694
C[T>G]G	0.00476356778654746	0.00504195923959582	0.00494687574732671	0.00470012895406276	0.00482250108432761	0.00452071498676501	0.00491490724968354	0.00489305678762021	0.00495053235176659	0.00500392536667327
C[T>G]T	0.00393937277362576	0.0041856482274362	0.00406545727853507	0.00443235549041301	0.00408001235030766	0.00414894566219552	0.00402412914719717	0.00385108210478886	0.00409907092749015	0.00397672661105119
G[T>G]A	0.00328281064468813	0.00358280527487583	0.00347101226469885	0.00320623489370098	0.00363892993405818	0.00347232549147905	0.00356311240994546	0.00335825624128754	0.00349626637932983	0.00347780150117761
G[T>G]C	0.003736816372145	0.00408289090597705	0.00371015681049503	0.00384043520234513	0.00391828213101618	0.00367308092674657	0.00395380456015878	0.00395668764696771	0.00385041405137402	0.00376394972595805
G[T>G]G	0.00474261367604945	0.00489809898955301	0.00482388712377438	0.00487629570646391	0.00491806894118166	0.00472147042203254	0.00480551344762381	0.00502682380771343	0.00480736627157852	0.00479848561554885
G[T>G]T	0.00558077809596983	0.0059393731803391	0.00537733592975983	0.0055316360253962	0.00561644943357666	0.00568807066591321	0.00590726531122537	0.00542812486799307	0.00583966906030306	0.00556154754829668
T[T>G]A	0.00522455821750367	0.00491179996574756	0.00489904683816747	0.00511588248972948	0.00521947525895214	0.0051155459060762	0.00528997171388832	0.00516763119728523	0.00550059150196288	0.00516534231398531
T[T>G]C	0.00548997695047845	0.00514471656105497	0.00526801270882443	0.00542593597395551	0.00518271839093135	0.00521220593046427	0.00531341324290112	0.00516059082780664	0.00527453979640276	0.00565693028989016
T[T>G]G	0.00565760983446253	0.00546668950162699	0.00577363260565064	0.00557391604597248	0.00571201729043072	0.00568807066591321	0.0059932175842723	0.00558301299652206	0.00589994951511909	0.00567894169179635
T[T>G]T	0.00997415659705246	0.00928241137181024	0.00953845102661337	0.0102951850103234	0.010144895573738	0.0103797995419802	0.0101579959055463	0.00990579985637646	0.00948663657667297	0.0100151878673153
